0.0 0.0 22.0 8.485281374238568 8.485281374238571 -3.4683619950053544 
1.249000902703301e-16 0.9981683564807083 21.018933683390046 8.8493916388003 8.162708028281605 -2.7792219950053525 
-0.04028414335341884 1.9961794510133353 20.05676106106355 9.237351109902532 7.877149180773418 -2.0417419950053546 
-0.11284728675630185 2.9929067285806763 19.095802746448488 24.623757858527302 7.626827564689478 7.604018004994645 
-0.2082784274410149 3.979508346878702 18.021082109694127 25.281003180611034 8.125224012504455 8.674558004994644 
-0.21628079402248213 4.968036913110661 17.105284021060996 39.26861618768322 9.05580933642376 15.765648004994645 
-0.12726951863556915 5.926292783049063 16.70014203287083 7.023183665807439 12.016293819912423 -4.009841995005354 
0.14338611504379042 6.886425912682439 15.515561552136875 35.17913633329636 11.616041549819224 15.595948004994643 
0.3612144124724449 7.824652747648478 15.445213946022744 31.87820962925339 15.246396986929271 11.819508004994645 
0.7498787755048205 8.722976164389264 15.529362962015554 30.113820488681625 13.669068560122842 13.176138004994645 
1.2549134320082693 9.555430906613294 16.24169674957174 4.763320283281993 12.492389238816603 -4.170191995005352 
1.8958010296905092 10.319613466757996 14.665328820649139 28.366219587482473 11.789284925667005 15.232448004994644 
2.479244790709903 11.088094667851482 16.08869401921635 27.181832146660277 10.920658572026708 15.638308004994645 
3.186888331875579 11.741222536784786 31.740240079685027 7.952834887085057 10.51387013998937 3.166738004994645 
4.030365508948561 12.27553947233315 30.06085926800696 8.933161086167289 10.056190585046718 3.7538680049946462 
4.892413947272056 12.778118923171075 28.36816961572041 9.363585921598263 9.656696736615615 3.9585480049946495 
5.775364314653129 13.24248176928206 26.75139545125862 9.527453027529809 9.313477688276402 3.917038004994648 
6.678795584249261 13.665737502971437 25.2413702600119 9.576115673026337 9.02141246304006 3.7085080049946466 
7.600788730812082 14.047503231934515 23.83998361778002 9.584882494959231 8.773082762684242 3.3779280049946463 
8.538721207893408 14.3892793103367 22.536531395833613 9.592773120587067 8.559274853095033 2.9537580049946452 
9.489744504368927 14.694073259953381 21.315756964436503 9.622212822288036 8.369385804177746 2.4586380049946452 
10.451069725831596 14.966127604588808 20.161746514858216 9.688067279811037 8.192009227010576 1.916198004994647 
11.42013252759473 15.210666363155548 19.059825797869372 9.80157025150281 8.015876310422648 1.353938004994646 
12.394678692368945 15.433604623230979 17.997483784121798 9.971902003113364 7.831060210669981 0.8019080049946474 
13.372793034752627 15.64120149174628 16.964725185395146 10.206785150913316 7.630075511338336 0.28961800499464907 
14.352885218039782 15.839680109228693 15.953941135722774 10.512540610993774 28.167797980969183 -14.366951995005353 
15.302981104950923 16.028753449298133 15.719246865002159 14.693774935596071 6.547751569338631 3.451868004994644 
16.236254478150457 16.38283756922502 14.51175525301991 14.29308578816891 30.821150213635587 -14.57687199500535 
17.154179423076528 16.689548542636864 14.567135006562358 13.423108694849342 34.807415214090895 -17.682701995005353 
17.994351290102212 17.138825680423448 15.63076993201125 12.054911614575854 32.9960139219364 -17.869371995005352 
18.725375998263537 17.74829040329772 18.16025545225961 11.350357607019179 6.2897631625856185 -0.476301995005354 
19.346195152385228 18.532200138449642 17.281488610686498 10.73243866893821 11.141264716804017 -6.172571995005356 
19.95910762704238 19.31500088543262 17.97959394897581 10.23058507360494 10.220938037283151 -6.260051995005357 
20.514238115636527 20.139585715446962 19.098304186583977 9.830539698989162 9.577499155521446 -6.332811995005358 
21.007888190535397 21.00222279950682 20.838610235950238 9.535530208430831 9.039185316749311 -6.034401995005352 
21.43700923102411 21.89933134609039 23.317913500036315 9.33426914201199 8.63499654606047 -5.002061995005352 
21.802838666815344 22.825919954796603 26.227502523559235 9.1826069650778 8.437923265480883 -3.137621995005352 
22.11491082593843 23.77440037394188 27.299102167988817 9.004906460487899 8.52022927638838 -2.7075219950053544 
22.392271715364252 24.734004223081467 26.07580276757172 8.846193929595708 8.607339887385816 -4.315241995005353 
22.6388504986549 25.700201534371175 24.79246207394022 8.833522986365738 8.391686308511716 -5.532381995005357 
22.836290148798458 26.67576446046204 23.539593346052406 8.998870034111977 7.991126331957616 -6.066721995005356 
22.970492811672884 27.661066445837605 22.385997394659817 9.35461845841901 7.533417271193313 -5.3980219950053545 
23.035015400666424 28.654538603782694 21.345508387562123 9.829372213378218 7.1355754517848355 -3.1833519950053546 
23.037110476682066 29.65299334738717 20.359426472271277 10.209808117261728 6.887222195249041 -0.38490199500535205 
23.002187292845374 30.652360768797937 19.362673525587578 10.310640395640663 6.811096561454325 1.1058480049946455 
22.962795237068335 31.651398203337173 18.355067229996074 10.227139032181617 6.83934657698656 0.3347580049946455 
22.936255894106413 32.65102889881698 17.353421409259536 10.223791608970437 6.828043877617701 -1.5748419950053556 
22.913618545412312 33.65039482314015 16.363336973763587 10.458818589481982 6.680869288699189 -2.7650619950053503 
22.87270701855862 34.6483923588589 15.392757035925188 10.905553407498372 6.437836190478116 -2.5211919950053545 
22.79970624183182 35.6447536703622 14.430938538648931 11.409665865436729 6.187371736850097 -1.3104419950053536 
22.697445375674558 36.63924836601984 13.45385595478612 11.794116229098568 5.982044373987198 0.08513800499464352 
