22.0 8.485281374238568 8.485281374238571 -7.438346306806624 
21.08709837930515 9.324869442376665 7.838055249141002 -4.754476306806621 
20.21821272187736 25.023181789181322 7.393585692096051 13.394453693193377 
19.05422608709985 8.685965220876659 8.280697985228008 -8.308476306806623 
18.125700077456337 23.662096524999896 7.584483535449556 13.477233693193378 
17.139500097380107 40.029434985187024 8.732902025238355 17.579683693193378 
16.776426638619363 7.127796861477951 11.841519473303437 -20.33202630680662 
15.254293908235981 22.515771200202206 8.913683599687356 13.059273693193376 
14.537764156737543 36.07041406123438 10.880346346304266 18.634583693193377 
14.528729524254937 31.998731858557047 14.348859219795749 14.864523693193377 
14.88069612041812 29.993383594178134 12.718762031017535 15.426193693193376 
16.031798247256365 28.843450152556542 11.64825467154219 15.069323693193377 
18.3548967294419 7.235143061725409 11.061308083896709 -18.195266306806623 
13.83054057668037 27.460579500410596 10.396807837419766 17.266003693193376 
15.977738968186166 17.24003348548453 9.749989150216756 4.7417736931933785 
16.18061686618209 15.476889257266956 9.225535164446415 2.3780736931933806 
29.808297699189097 16.121788990250778 8.705838722452565 8.167833693193376 
27.296967172610817 13.065115452722189 8.375866037787127 4.832503693193377 
25.60755200547408 12.40453068958992 8.059577865572079 3.4988436931933755 
24.19528864875723 12.2441615636568 7.75638250060437 3.0574236931933765 
22.8910910845384 12.17321662431049 7.478306107652021 2.813103693193378 
21.653973778904145 12.120673506444199 7.226987140496616 2.5273436931933766 
20.473392465009763 12.095050930154414 6.997301011278926 2.2008936931933754 
19.339701781536952 12.104275676784649 6.783480564806503 1.8982736931933761 
18.241245357052904 12.142210732475892 6.5822167725851575 1.652303693193378 
17.167806574107427 12.197620270896108 6.3922595160077105 1.5014736931933754 
16.11060163579526 12.252577480033487 6.215154266084897 1.482503693193376 
15.062510545180318 12.282423544789408 25.88848197504892 -15.56389630680662 
14.80727801862512 15.27473098530205 33.28850239711386 -14.527776306806624 
14.979409598539988 13.434427872265681 33.607071940975835 -16.584686306806617 
16.07986964455434 12.175612142316288 32.05992163782937 -16.70141630680662 
18.549357740937097 11.507357207597222 4.749203845271964 7.155383693193375 
15.92038810189252 10.81898065030073 30.55795283717666 -17.86610630680662 
19.753906811443656 10.477122663260449 7.570153485658387 -2.6737463068066223 
19.790169032198172 10.030128393628273 8.621381623961296 -6.018946306806624 
21.544803912552695 9.742841758476263 8.358445784560866 -4.883626306806624 
23.412944389395545 9.501983802091312 8.312954223628028 -3.8082763068066203 
25.213808703695307 9.281229869955157 8.398787353757974 -2.7058563068066253 
26.607970365299945 9.054647413575994 8.605099489105648 -1.903886306806621 
25.4489912949691 8.818014794909505 8.883619091897769 -4.322996306806624 
24.127469999241626 8.750410814747703 8.68084029423 -5.4905163068066205 
22.83073507942537 8.84362766317875 8.27982385525043 -5.5371463068066245 
21.64038649265665 9.067370373323664 7.871934678980427 -4.969026306806624 
20.55187972019996 9.384736767261298 7.515094943597663 -4.148666306806623 
19.531541361836307 9.757928455120167 7.212088129701282 -3.2589463068066227 
18.546331890652787 10.149405433309035 6.953733529105964 -2.451746306806621 
17.57329473187052 10.532991517277843 6.727215913546377 -1.7996463068066237 
16.600473985925653 10.896305684194138 6.521191234826623 -1.2144863068066254 
15.621544953167758 11.221719846305941 6.333104690994319 -0.6172463068066261 
14.632660850401967 11.483126436067996 6.166684952400985 -0.024876306806621784 
13.633091220049913 11.66014476130808 6.026407091856995 0.5185336931933779 
